$ANSIBLE_VAULT;1.1;AES256
38363738326165343266626236373865303466326266653537396630616330353061316632343261
3761346564653733323266633333356264613734373765640a343135373738373232353763613736
33333532616337313862366333363833336564316164363363353064383462313834393561323133
6634663232653637620a333837366130623730333565666533613662313030643564666339396434
35353737343865633861623439306239623863633762303730646466646233613861646266373139
62393665646261333638316337383634636331303233646537313234616137643636333731376233
32633062316665316331613634393039326361373461663165626265393339633638626131373737
37653132623637306161366432633964353833353939653735343732396538373761376237613231
30386564333537383564393161663866306230663365303939633163323361633665666561393762
36613536393264346164666633353739396631383337316465363530616639396133313230353736
65313632323039346430666664656130353833636265393065303139383130616631303139303035
37376466666266653464313034623239363231366534663231373533383236343466356431653937
35336332366533636436333639306637633735653964373032303831653431333765306436376666
31316633323538303132303263646633663334643934666161306439386431623665326534373430
32353666333762343936663461643962626631653235396230616239626664356465643236343438
30343339643431666462323064343865373562663731313262326164326333613638343838393933
31656538366637383062313232366130306632303232396238353133616232656361383333343262
33373834383732613862383766663735363662396365616334363032386461303637313338303738
66333439633962653233396635663464383934383661376565653332346535656235616463336366
32646631333538613435323265366539336163633461323435643265373664616162646166303764
33636138363461313134396163386566653732626535316231383338393763386339666265306130
39383863663266386666623737616537633532366236386432306666636165613266656134653230
31343062306464363065343939646431393733616566336630333135313361353038306237366139
63383535316638313362373839383461633738303133396339333734353165343562396666326131
62323439653266623433643863313832353262643961353333343766346634393361336533643263
38383736646366346434373231373730643962646465336434366234656666343765356137376666
30343133316366646236633636376230656530613930393334623039376461646666343633663366
31346534383966373062303662663962323132336138626537616436643139303037653637386333
34363561353564376365616662313433333138323161636138626232643864376337363734343333
37303661383135323461363433313639343338346539656462366338323436333866366634316564
35363530306461326362313265663438366333633431643236626263623965363266613537646435
30313435363433333966633231316330626661366637613132353064393761373237336466313663
32643566633232666331613735666465613466346262333232646132656664306264356238383563
63653034333936316334643962643662383363663566656232366366663734646137306463313563
33613239316563663639653835383436373731626563386231343230623165313731326633373532
30356530623266343232376334333065613630393337663938366564373136363536366630636139
36613730313239343736623264666136383665393134643132313062616539353432313664323233
66616538616234353034636664646666366632333932383731663335373233383864343932666333
30343464373239613933373937666464613330633735643330656435316532663436376237336338
63363330653866316536383133346338653265383862613930313064356131326430383230613135
33636166633334646562326432313530313235613136346130396434366439343732316639336132
34663730623762616536356634336438653835643262633536626563666636336239326537316538
66343639333663646134313363653564393639653936323566346266376232616664316135323733
31346136333466333363353238353862363034643661313762396335616632663466333961633165
63663939613764376236346366323738313334303164646433343537363032363836303138646435
34343165376463383032326364383561653166623532343737393035366130373861386466316161
36376336643735633038613333643933373266646637396539316439383832323031323765626465
66616139316635653533346432633038363136376339643864643365386262336137376361336662
65623564643539393633346362346531646136373738333439663336373138343165326265636435
38646365303432353937386331383832616162366234633866363961383162386630643962663965
36343463646434613562393165386136666430313934633936383164336334353239646339356463
35393765653865333863623665343335303737346337616662613033656464643630356366613831
31386334373065323165363163623036663430643335326637303030393039646238386635653833
37666535636462633436623663373330623235303564356130303262643466616665643738623234
38313535383731373662333036353831653830323639636262636638336265363965633564666230
39316564333466383965653934643936396337336334663638343332316666313464343638396539
61346239376462626566646332653933616438643662366433353335663665383161313631383761
30636666663636633439333130653736316138356462313635383933656339363934316530393830
30336364616137333262616161363436653639333732373238383730303838346334313035653964
33383939626130653137313430363566353439633562313632303065326561656138306232623631
61666161663131653530316632616230373433623833326530383266633862363430636538343965
32613030653561653533613166666431383939373034353437643731666165363765326362333238
63333464313166363233656137316432396539363861613361613735643430333136626338396262
39353033643039643134373839666132333563623833653539393662623231613461656164396163
32366334643061376261363635636464666233336638633532393338306236346661316366613262
34323837326662336163363062306632636134626130313335613030666631663630613530633062
65306664633130323264333231666465643661346163353963343761376437356162663839363336
38313333346463363761396161323565356531623466653566383362333163366434626531366535
38653534626365666134656234363437633436353431653962643933643732613065643661376365
37303535636461386263323534653232353135313433306465376439666662313163393661316666
63666531613032323961363930343066333733356439343062303137616530346166613535623565
63346539616230326663323264373764363365646239643834353030653461313931363431376632
61626231663962643937393633363338646366623433346431646630346534633632656336613637
62633433383132313531376335373061303663323038383865653761656666353863353062373334
38356634373264643062653166356666323761353665353166643565636535316536616566663038
66303864356266646362313761323737636238643365633766613733303337323562383932623366
63303336373465623133366431616334373536653334376334303234663463376364613134366635
66363037646463366463333531356333636162376136313163633837326131613135373034313064
34386665666665366138373439613030633630363162373036393239623833636532633963313265
33346663656437346266353633636131666133636265343538613437323066376634396165653963
34366536393262356136666635633564386162663634643038373165316335386630636431663433
38626538653039646362376338333934303261393533313031633035333565626264326638663438
66383338343062386334326437363830376632303838623366326365613363663263386564303365
33373466346134613436386664336465333337333733653532646630356163306630303532306435
37636236393735346163643163653330323739353132353631313837373433613332626462646362
61396535333435633664613363656236306266356261313166633737613238383231613865396339
36633934343231303839626631303261613833313861316264326533653633626530316666373165
33396462326338353033
